 TIME                    	EnergyPvKw               	EnergyHeatingKw          	SolaRadiationKw          	AmbianTemperature        	ZoneTemperature          	HeaterTemperature        	
  +0.0000000000000000E+00	  +0.0000000000000000E+00	  +0.0000000000000000E+00	  +0.0000000000000000E+00	  +2.1000000000000001E+00	  +8.0000000000000000E+00	  +2.0000000000000000E+01	
  +1.0000000000000000E+00	  +0.0000000000000000E+00	  +0.0000000000000000E+00	  +0.0000000000000000E+00	  +5.9500000000000002E+00	  +7.8316519793944099E+00	  +4.9551726365041588E+00	
  +2.0000000000000000E+00	  +0.0000000000000000E+00	  +0.0000000000000000E+00	  +0.0000000000000000E+00	  +9.7000000000000011E+00	  +8.0392073292856754E+00	  +8.0867619160840007E+00	
  +3.0000000000000000E+00	  +0.0000000000000000E+00	  +0.0000000000000000E+00	  +0.0000000000000000E+00	  +9.5000000000000000E+00	  +8.2109938871906039E+00	  +7.9857394120267564E+00	
  +4.0000000000000000E+00	  +0.0000000000000000E+00	  +0.0000000000000000E+00	  +0.0000000000000000E+00	  +9.2500000000000000E+00	  +8.1013215923473929E+00	  +7.8356895249664049E+00	
  +5.0000000000000000E+00	  +0.0000000000000000E+00	  +0.0000000000000000E+00	  +0.0000000000000000E+00	  +9.0000000000000000E+00	  +8.1290424658348854E+00	  +7.6837154835754582E+00	
  +6.0000000000000000E+00	  +0.0000000000000000E+00	  +0.0000000000000000E+00	  +0.0000000000000000E+00	  +8.8000000000000007E+00	  +8.0834709222838690E+00	  +7.6198071347055389E+00	
  +7.0000000000000000E+00	  +0.0000000000000000E+00	  +0.0000000000000000E+00	  +0.0000000000000000E+00	  +8.5500000000000007E+00	  +8.0742936888811503E+00	  +7.5053454788111544E+00	
  +8.0000000000000000E+00	  +0.0000000000000000E+00	  +0.0000000000000000E+00	  +0.0000000000000000E+00	  +8.3000000000000007E+00	  +8.0399223660379011E+00	  +7.3879990274598768E+00	
  +9.0000000000000000E+00	  +1.3044582495219049E-02	  +9.9559596818874740E-01	  +1.5000012000000000E-02	  +8.5500000000000007E+00	  +8.0630622258289790E+00	  +2.3000000000000000E+01	
  +1.0000000000000000E+01	  +7.6890929987153925E-02	  +9.6817823977617268E-01	  +5.3000042400000003E-02	  +9.3000000000000007E+00	  +8.1656907836509873E+00	  +2.3000000000000000E+01	
  +1.1000000000000000E+01	  +1.4207749968915143E-01	  +9.3902574037560671E-01	  +9.4000075200000019E-02	  +1.0100000000000001E+01	  +8.3030952977826935E+00	  +2.3000000000000000E+01	
  +1.2000000000000000E+01	  +2.3912749152917057E-01	  +9.0233574889042434E-01	  +1.6300013040000003E-01	  +1.1100000000000001E+01	  +8.5018404045532598E+00	  +2.3000000000000000E+01	
  +1.3000000000000000E+01	  +2.5303429259771387E-01	  +0.0000000000000000E+00	  +1.7400013919999999E-01	  +1.2100000000000001E+01	  +8.6973727266858969E+00	  +9.5653481701457466E+00	
  +1.4000000000000000E+01	  +1.5309197760290766E-01	  +8.5097880883062560E-01	  +1.0200008159999999E-01	  +1.2550000000000001E+01	  +8.7337763374270079E+00	  +2.3000000000000000E+01	
  +1.5000000000000000E+01	  +7.4843204060740104E-02	  +8.5625251840249283E-01	  +5.1000040800000000E-02	  +1.2350000000000001E+01	  +8.6889150476826220E+00	  +2.3000000000000000E+01	
  +1.6000000000000000E+01	  +2.1813766158060625E-02	  +8.7290407431981032E-01	  +2.5000020000000001E-02	  +1.1800000000000001E+01	  +8.6388308349939749E+00	  +2.3000000000000000E+01	
  +1.7000000000000000E+01	  +0.0000000000000000E+00	  +8.8445412183609595E-01	  +0.0000000000000000E+00	  +1.1450000000000001E+01	  +8.5873887237944331E+00	  +2.3000000000000000E+01	
  +1.8000000000000000E+01	  +0.0000000000000000E+00	  +8.9036221279199157E-01	  +0.0000000000000000E+00	  +1.1300000000000001E+01	  +8.5677611812665635E+00	  +2.3000000000000000E+01	
  +1.9000000000000000E+01	  +0.0000000000000000E+00	  +0.0000000000000000E+00	  +0.0000000000000000E+00	  +1.1100000000000001E+01	  +8.5595472340068213E+00	  +9.0775276868025685E+00	
  +2.0000000000000000E+01	  +0.0000000000000000E+00	  +0.0000000000000000E+00	  +0.0000000000000000E+00	  +1.0950000000000001E+01	  +8.5479557698447497E+00	  +8.9383517648778295E+00	
  +2.1000000000000000E+01	  +0.0000000000000000E+00	  +0.0000000000000000E+00	  +0.0000000000000000E+00	  +1.0800000000000001E+01	  +8.5428572683230541E+00	  +8.7991324600245449E+00	
  +2.2000000000000000E+01	  +0.0000000000000000E+00	  +0.0000000000000000E+00	  +0.0000000000000000E+00	  +1.0600000000000001E+01	  +8.5304610370158471E+00	  +8.6134370366986595E+00	
  +2.3000000000000000E+01	  +0.0000000000000000E+00	  +0.0000000000000000E+00	  +0.0000000000000000E+00	  +1.0450000000000001E+01	  +8.5212879832456832E+00	  +8.4741115525292727E+00	
  +2.4000000000000000E+01	  +0.0000000000000000E+00	  +0.0000000000000000E+00	  +0.0000000000000000E+00	  +1.0300000000000001E+01	  +8.5135385440908458E+00	  +8.3801836595143939E+00	
  +2.5000000000000000E+01	  +0.0000000000000000E+00	  +0.0000000000000000E+00	  +0.0000000000000000E+00	  +1.0050000000000001E+01	  +8.4963653480782533E+00	  +8.1923600482561874E+00	
  +2.6000000000000000E+01	  +0.0000000000000000E+00	  +0.0000000000000000E+00	  +0.0000000000000000E+00	  +9.7500000000000000E+00	  +8.4708426338271465E+00	  +7.9567675963096995E+00	
  +2.7000000000000000E+01	  +0.0000000000000000E+00	  +0.0000000000000000E+00	  +0.0000000000000000E+00	  +9.4500000000000011E+00	  +8.4435795038805566E+00	  +7.7637806968144467E+00	
  +2.8000000000000000E+01	  +0.0000000000000000E+00	  +0.0000000000000000E+00	  +0.0000000000000000E+00	  +9.1500000000000004E+00	  +8.4149632635193612E+00	  +7.6116202558426913E+00	
  +2.9000000000000000E+01	  +0.0000000000000000E+00	  +0.0000000000000000E+00	  +0.0000000000000000E+00	  +8.8499999999999996E+00	  +8.3849028427338794E+00	  +7.4559067355233530E+00	
  +3.0000000000000000E+01	  +0.0000000000000000E+00	  +0.0000000000000000E+00	  +0.0000000000000000E+00	  +8.5500000000000007E+00	  +8.3534638265401746E+00	  +7.2966909347244346E+00	
  +3.1000000000000000E+01	  +0.0000000000000000E+00	  +0.0000000000000000E+00	  +0.0000000000000000E+00	  +8.2500000000000000E+00	  +8.3206202740054529E+00	  +7.1752502249398766E+00	
  +3.2000000000000000E+01	  +0.0000000000000000E+00	  +0.0000000000000000E+00	  +0.0000000000000000E+00	  +7.9500000000000002E+00	  +8.2863783406630684E+00	  +7.0491383567226755E+00	
  +3.3000000000000000E+01	  +6.7305433871696959E-03	  +1.0247096951356756E+00	  +8.0000064000000006E-03	  +8.0000000000000000E+00	  +8.2818914226704408E+00	  +2.3000000000000000E+01	
  +3.4000000000000000E+01	  +4.4683796686866666E-02	  +1.0071925728413094E+00	  +3.1000024800000005E-02	  +8.4500000000000011E+00	  +8.3317624464607896E+00	  +2.3000000000000000E+01	
  +3.5000000000000000E+01	  +1.3938876524711602E-02	  +9.9744334110528798E-01	  +1.0000008000000001E-02	  +8.6500000000000004E+00	  +8.3595319481577270E+00	  +2.3000000000000000E+01	
  +3.6000000000000000E+01	  +7.7549944409537136E-02	  +9.8540952831474804E-01	  +5.1000040800000000E-02	  +8.8000000000000007E+00	  +8.3851287414241700E+00	  +2.3000000000000000E+01	
  +3.7000000000000000E+01	  +6.4842286101735230E-02	  +0.0000000000000000E+00	  +4.3000034400000005E-02	  +9.0500000000000007E+00	  +8.4241830021946296E+00	  +7.9440390952805870E+00	
  +3.8000000000000000E+01	  +1.1864402238751653E-01	  +9.6262431827747630E-01	  +7.7000061600000003E-02	  +9.3000000000000007E+00	  +8.4686933896730139E+00	  +2.3000000000000000E+01	
  +3.9000000000000000E+01	  +4.0293431760599657E-02	  +9.5613868893717180E-01	  +2.8000022400000001E-02	  +9.4500000000000011E+00	  +8.4867048504718472E+00	  +2.3000000000000000E+01	
  +4.0000000000000000E+01	  +4.0707585517116250E-03	  +9.6018832529238574E-01	  +5.0000040000000006E-03	  +9.2500000000000000E+00	  +8.4536170698848210E+00	  +2.3000000000000000E+01	
  +4.1000000000000000E+01	  +0.0000000000000000E+00	  +9.6751343636530940E-01	  +0.0000000000000000E+00	  +9.0000000000000000E+00	  +8.4261659859382867E+00	  +2.3000000000000000E+01	
  +4.2000000000000000E+01	  +0.0000000000000000E+00	  +9.7416239815711791E-01	  +0.0000000000000000E+00	  +8.8499999999999996E+00	  +8.4053713109686043E+00	  +2.3000000000000000E+01	
  +4.3000000000000000E+01	  +0.0000000000000000E+00	  +0.0000000000000000E+00	  +0.0000000000000000E+00	  +8.7000000000000011E+00	  +8.3900731211184372E+00	  +7.8165077888203136E+00	
  +4.4000000000000000E+01	  +0.0000000000000000E+00	  +0.0000000000000000E+00	  +0.0000000000000000E+00	  +8.5500000000000007E+00	  +8.3713799994051445E+00	  +7.7125800112710792E+00	
  +4.5000000000000000E+01	  +0.0000000000000000E+00	  +0.0000000000000000E+00	  +0.0000000000000000E+00	  +8.4000000000000004E+00	  +8.3543030808851420E+00	  +7.5670461286056891E+00	
  +4.6000000000000000E+01	  +0.0000000000000000E+00	  +0.0000000000000000E+00	  +0.0000000000000000E+00	  +8.2500000000000000E+00	  +8.3360103282009170E+00	  +7.4214581275840636E+00	
  +4.7000000000000000E+01	  +0.0000000000000000E+00	  +0.0000000000000000E+00	  +0.0000000000000000E+00	  +8.0999999999999996E+00	  +8.3174653949887425E+00	  +7.3164396271163277E+00	
  +4.8000000000000000E+01	  +0.0000000000000000E+00	  +0.0000000000000000E+00	  +0.0000000000000000E+00	  +7.9500000000000002E+00	  +8.2980440698007190E+00	  +7.2108774173931174E+00	
  +4.9000000000000000E+01	  +0.0000000000000000E+00	  +0.0000000000000000E+00	  +0.0000000000000000E+00	  +7.8500000000000005E+00	  +8.2820146166976762E+00	  +7.1134237552336579E+00	
  +5.0000000000000000E+01	  +0.0000000000000000E+00	  +0.0000000000000000E+00	  +0.0000000000000000E+00	  +7.7500000000000000E+00	  +8.2673700341939433E+00	  +7.0159443731785238E+00	
  +5.1000000000000000E+01	  +0.0000000000000000E+00	  +0.0000000000000000E+00	  +0.0000000000000000E+00	  +7.6500000000000004E+00	  +8.2513893934762859E+00	  +6.9184389070037504E+00	
  +5.2000000000000000E+01	  +0.0000000000000000E+00	  +0.0000000000000000E+00	  +0.0000000000000000E+00	  +7.5500000000000007E+00	  +8.2354166816618370E+00	  +6.8606355294359034E+00	
  +5.3000000000000000E+01	  +0.0000000000000000E+00	  +0.0000000000000000E+00	  +0.0000000000000000E+00	  +7.4500000000000002E+00	  +8.2187177214482254E+00	  +6.8419528328017414E+00	
  +5.4000000000000000E+01	  +0.0000000000000000E+00	  +0.0000000000000000E+00	  +0.0000000000000000E+00	  +7.3500000000000005E+00	  +8.2016880794783198E+00	  +6.7832323390505884E+00	
  +5.5000000000000000E+01	  +0.0000000000000000E+00	  +0.0000000000000000E+00	  +0.0000000000000000E+00	  +7.2500000000000000E+00	  +8.1841272028899432E+00	  +6.7632040961456070E+00	
  +5.6000000000000000E+01	  +0.0000000000000000E+00	  +0.0000000000000000E+00	  +0.0000000000000000E+00	  +7.2000000000000002E+00	  +8.1701221562042416E+00	  +6.8306112244740227E+00	
  +5.7000000000000000E+01	  +1.1254453335463353E-02	  +1.0355886836404411E+00	  +1.3000010400000001E-02	  +7.5000000000000000E+00	  +8.1910589380650460E+00	  +2.3000000000000000E+01	
  +5.8000000000000000E+01	  +1.0137293336973714E-01	  +9.9704576291657088E-01	  +7.9000063200000012E-02	  +8.7000000000000011E+00	  +8.3967498032115859E+00	  +2.3000000000000000E+01	
  +5.9000000000000000E+01	  +1.8737840583003049E-01	  +9.4433355898048643E-01	  +1.3200010560000003E-01	  +1.0350000000000001E+01	  +8.6636376044197494E+00	  +2.3000000000000000E+01	
  +6.0000000000000000E+01	  +1.8491078169242856E-01	  +9.1523404766954597E-01	  +1.2100009680000001E-01	  +1.1400000000000000E+01	  +8.7700989786824852E+00	  +2.3000000000000000E+01	
  +6.1000000000000000E+01	  +2.4181688421031589E-01	  +0.0000000000000000E+00	  +1.6300013040000003E-01	  +1.2100000000000001E+01	  +8.9069746574745494E+00	  +9.1696192455347045E+00	
  +6.2000000000000000E+01	  +1.4886286063035561E-01	  +8.8326933506376804E-01	  +9.9000079200000007E-02	  +1.2500000000000000E+01	  +8.9734052244014304E+00	  +2.3000000000000000E+01	
  +6.3000000000000000E+01	  +1.3439450042431947E-01	  +8.8699314324235434E-01	  +1.0400008320000001E-01	  +1.2550000000000001E+01	  +9.0537595300637754E+00	  +2.3000000000000000E+01	
  +6.4000000000000000E+01	  +3.1190839724464198E-02	  +9.0090768994614534E-01	  +4.0000032000000005E-02	  +1.2250000000000000E+01	  +9.0711599975294028E+00	  +2.3000000000000000E+01	
  +6.5000000000000000E+01	  +0.0000000000000000E+00	  +9.2292384108187986E-01	  +0.0000000000000000E+00	  +1.1700000000000001E+01	  +8.9139666783954894E+00	  +2.3000000000000000E+01	
  +6.6000000000000000E+01	  +0.0000000000000000E+00	  +9.4270216110147242E-01	  +0.0000000000000000E+00	  +1.1250000000000000E+01	  +8.8534532994003214E+00	  +2.3000000000000000E+01	
  +6.7000000000000000E+01	  +0.0000000000000000E+00	  +0.0000000000000000E+00	  +0.0000000000000000E+00	  +1.0800000000000001E+01	  +8.8095499176832259E+00	  +8.0492455142445039E+00	
  +6.8000000000000000E+01	  +0.0000000000000000E+00	  +0.0000000000000000E+00	  +0.0000000000000000E+00	  +1.0350000000000001E+01	  +8.7625543214218169E+00	  +7.6899560875859940E+00	
  +6.9000000000000000E+01	  +0.0000000000000000E+00	  +0.0000000000000000E+00	  +0.0000000000000000E+00	  +9.9000000000000004E+00	  +8.7180430992768549E+00	  +7.3742997365505651E+00	
  +7.0000000000000000E+01	  +0.0000000000000000E+00	  +0.0000000000000000E+00	  +0.0000000000000000E+00	  +9.4500000000000011E+00	  +8.6712143081914697E+00	  +7.0099527274102691E+00	
  +7.1000000000000000E+01	  +0.0000000000000000E+00	  +0.0000000000000000E+00	  +0.0000000000000000E+00	  +9.0000000000000000E+00	  +8.6237054797573531E+00	  +6.6434806955541461E+00	
  +7.2000000000000000E+01	  +0.0000000000000000E+00	  +0.0000000000000000E+00	  +0.0000000000000000E+00	  +8.5500000000000007E+00	  +8.5741618333280059E+00	  +6.2748723347830619E+00	
